ID	Salmo trutta	Salmo salar	Salvelinus alpinus	Coregonus lavaretus	Thymallus thymallus	Esox lucius	Perca fluviatilis	Gymnocephalus cernuus	Sander lucioperca	Phoxinus phoxinus	Gasterosteidae	Anguilla anguilla	Lota lota	Alburnus alburnus	Rutilus rutilus	Leuciscus idus	Leuciscus leuciscus	Abramis brama	Leuciscus cephalus	Blicca bjoerkna	Scardinius erythrophthalmus	Osmerus eperlanus	Coregonus albula	Myoxocephalus quadricornis	Tinca tinca	Cyprinus carpio	Carassius carassius	Lampetra fluviatilis	Lampetra planeri	Cottus gobio	Cottus poecilopus
170	0	0	1	0	0	1	1	0	1	1	0	1	0	0	1	0	0	1	0	0	1	0	0	0	0	0	0	0	0	0	0
180	1	0	0	0	0	1	1	1	0	1	0	0	1	1	1	0	0	1	0	1	1	1	0	0	0	0	0	0	1	0	1
189	1	0	1	1	0	1	0	0	0	1	0	0	0	0	0	0	0	0	0	0	0	0	0	0	0	0	1	0	0	0	0
191	1	0	0	0	0	1	1	0	0	0	0	1	0	0	1	0	0	0	0	0	0	0	0	0	0	0	0	0	0	0	0
194	1	0	1	1	0	1	1	0	0	1	1	0	0	0	0	0	0	1	0	0	0	1	0	0	0	0	0	0	1	0	0
214	1	0	0	0	0	1	1	0	0	1	0	0	0	0	1	1	0	0	0	0	0	0	0	0	0	0	0	0	0	0	0
233	1	0	0	1	1	1	1	0	0	1	0	0	1	0	1	0	0	0	0	0	0	0	1	0	0	0	0	0	0	0	0
236	1	0	0	0	0	1	1	1	0	1	0	0	1	1	1	0	0	0	0	0	0	0	0	0	0	0	0	0	0	0	0
242	1	0	0	1	0	1	1	0	0	1	0	0	0	0	0	0	0	0	0	0	0	1	0	0	0	0	0	0	0	0	0
252	1	0	0	1	0	1	1	0	0	0	0	0	1	1	1	0	1	1	0	0	0	0	0	0	0	0	0	0	0	0	0
258	1	0	1	0	0	0	0	0	0	0	1	1	0	0	0	0	0	0	0	0	0	0	0	0	0	0	0	0	0	0	0
261	1	0	1	0	0	1	0	0	0	0	0	1	0	0	0	0	0	0	0	0	0	0	0	0	0	0	1	0	0	0	0
264	1	0	0	0	0	0	0	0	0	0	0	0	0	0	0	0	0	0	0	0	0	0	0	0	0	0	0	0	0	0	0
277	1	1	1	0	0	0	0	0	0	0	1	1	0	0	0	0	0	0	0	0	0	0	0	0	0	0	0	0	0	0	0
285	1	1	0	0	0	0	0	0	0	0	1	1	0	0	0	0	0	0	0	0	0	0	0	0	0	0	0	0	0	0	0
288	1	1	0	0	0	0	0	0	0	0	1	1	0	0	0	0	0	0	0	0	0	0	0	0	0	0	0	0	0	0	0
326	1	0	1	1	0	1	1	0	0	1	0	0	0	0	1	0	0	0	0	0	0	1	0	0	0	0	0	0	0	0	0
328	1	0	1	1	0	1	1	0	0	1	1	0	0	0	1	0	0	0	0	0	0	1	0	0	0	0	1	0	1	0	0
339	1	0	0	0	0	0	1	0	0	1	0	0	0	0	0	0	0	0	0	0	0	0	0	0	0	0	0	0	0	0	0
340	1	0	0	0	0	0	1	0	0	1	0	0	0	0	0	0	0	0	0	0	0	0	0	0	0	0	0	0	0	0	0
344	1	0	0	1	0	0	1	0	0	0	0	0	0	0	0	0	0	0	0	0	0	0	0	0	0	0	0	0	0	0	0
345	1	0	1	1	0	1	1	0	0	1	0	0	0	0	0	0	0	0	0	0	0	1	0	0	0	0	0	0	0	0	0
349	1	0	0	1	0	1	1	0	0	1	0	1	0	1	1	0	0	1	0	0	1	0	0	0	1	0	1	0	1	0	0
353	1	0	0	0	0	1	1	1	0	1	0	0	1	1	1	0	0	1	0	1	1	1	1	0	0	0	0	0	0	0	0
361	1	0	0	0	0	1	1	1	0	1	0	0	1	1	1	0	0	1	0	1	1	1	1	0	0	0	0	0	0	0	0
363	1	0	0	1	0	1	1	0	0	0	0	0	1	0	1	0	0	0	0	0	0	0	1	0	0	0	0	0	0	0	0
374	1	0	1	1	0	0	0	0	0	0	0	1	0	0	0	0	0	0	0	0	1	0	0	0	0	0	0	0	0	0	0
378	1	0	1	0	0	0	0	0	0	0	0	1	0	0	0	0	0	0	0	0	0	0	0	0	0	0	0	0	0	0	0
380	1	0	1	1	0	0	0	0	0	0	1	1	0	0	0	0	0	0	0	0	0	0	0	0	0	0	0	0	0	0	0
394	1	1	1	0	0	0	0	0	0	0	1	1	0	0	0	0	0	0	0	0	0	0	0	0	0	0	0	0	0	0	0
395	1	0	1	0	0	0	0	0	0	0	1	1	0	0	0	0	0	0	0	0	0	0	0	0	0	0	0	0	0	0	0
404	1	0	1	0	0	0	0	0	0	1	0	0	0	0	0	0	0	0	0	0	0	0	0	0	0	0	0	0	0	0	0
405	1	1	1	0	0	0	0	0	0	0	1	1	0	0	0	0	0	0	0	0	0	0	0	0	0	0	0	0	0	0	0
433	1	0	1	1	0	0	1	0	0	1	0	0	0	0	0	0	0	0	0	0	0	0	0	0	0	0	0	1	0	0	0
436	1	0	0	0	0	0	0	0	0	1	0	0	0	0	0	0	0	0	0	0	0	0	0	0	0	0	0	0	0	0	0
453	1	0	1	0	0	0	0	0	0	1	0	0	0	0	0	0	0	0	0	0	0	0	0	0	0	0	0	0	0	0	0
481	1	1	0	1	0	1	1	0	0	0	0	1	0	0	0	1	1	0	0	0	0	0	0	0	0	0	0	1	0	0	0
482	1	0	0	0	0	1	1	0	0	1	0	1	0	0	1	1	0	1	0	1	0	0	0	0	0	1	0	0	0	0	0
486	1	1	0	1	0	1	1	0	0	1	1	1	0	0	0	1	1	1	0	0	0	0	0	0	0	1	0	1	0	0	0
487	1	0	1	0	0	0	1	0	0	0	1	1	0	0	0	0	0	0	0	0	1	0	0	0	0	1	1	0	0	0	0
498	0	0	0	0	0	1	1	1	0	0	0	0	0	1	1	0	0	0	0	0	0	0	1	0	0	0	0	0	0	0	0
519	0	0	0	0	0	1	1	1	1	0	1	1	1	1	1	1	0	1	0	1	1	0	1	0	1	0	1	1	0	0	0
2252	1	0	0	0	0	1	1	0	0	0	0	1	1	0	1	0	0	0	0	0	0	0	0	0	0	0	0	0	0	0	0
2268	1	0	0	1	0	1	1	0	0	1	0	0	1	0	0	0	0	0	0	0	0	0	0	0	0	0	0	0	0	0	0
2312	1	0	0	0	0	1	1	1	0	1	0	1	1	1	1	0	0	1	0	1	1	1	1	0	0	0	0	0	0	1	1
2374	1	0	0	0	0	1	1	1	1	0	0	0	1	1	1	0	0	1	0	1	1	1	0	0	1	0	1	0	0	0	0
2678	1	0	0	1	0	1	1	0	0	1	0	1	1	1	1	0	0	1	0	0	1	1	1	0	1	0	0	0	0	0	0
2870	1	0	0	0	0	1	1	0	1	0	0	1	1	0	1	0	0	1	0	0	0	1	1	1	0	0	0	0	0	1	0
2872	1	1	1	1	0	1	1	1	0	1	0	0	1	0	1	0	0	1	0	0	0	1	1	1	0	0	0	0	0	1	1
2875	0	0	0	1	0	1	1	0	0	0	0	1	1	0	1	0	0	0	0	0	0	0	1	0	1	0	0	0	0	0	0
2878	0	0	0	0	0	1	1	0	0	0	0	0	1	0	0	0	0	0	0	0	0	0	0	0	0	0	0	0	0	0	0
2887	1	0	0	1	0	1	1	0	0	0	0	0	1	0	1	0	0	0	0	0	0	0	1	0	0	0	0	0	0	0	0
2888	1	0	0	0	0	1	1	0	0	1	0	0	1	0	1	0	0	0	0	0	0	0	0	0	0	0	0	1	0	0	0
2899	0	0	0	0	0	1	1	0	0	0	0	1	0	1	1	0	0	0	0	0	0	1	1	0	0	0	0	0	0	0	0
3017	1	0	0	1	0	1	1	0	1	0	0	1	1	1	1	0	0	0	0	0	0	1	1	0	0	0	0	0	0	0	0
3019	1	0	0	1	0	1	1	1	1	0	0	1	1	1	1	0	1	1	1	0	0	1	1	0	0	0	0	0	0	0	0
3020	1	0	0	1	0	1	1	0	1	0	0	0	1	0	1	0	0	0	0	0	0	0	1	0	0	0	0	0	0	0	0
3025	0	0	0	1	0	1	1	1	0	0	0	0	1	1	1	0	0	0	0	0	0	0	1	0	0	0	0	0	0	0	0
3027	0	0	0	0	0	1	1	1	0	0	0	0	1	0	1	0	0	0	0	0	0	0	1	0	0	0	0	0	0	0	0
3029	0	0	0	0	0	1	1	0	0	0	0	1	1	1	1	0	0	0	0	0	0	1	1	0	0	0	0	0	0	0	0
3031	1	0	0	1	0	1	1	0	0	1	0	0	1	0	1	1	0	0	0	0	0	1	1	0	0	0	0	0	0	0	0
3106	1	0	0	0	0	1	1	1	0	0	0	0	1	1	1	0	0	1	0	0	1	1	0	0	1	0	0	0	1	0	0
3160	1	0	0	1	1	1	1	1	0	1	0	0	1	1	1	1	0	1	1	0	0	1	1	1	0	0	0	0	0	1	0
3165	1	0	0	1	1	1	1	1	1	0	1	1	1	1	1	1	1	1	0	1	1	1	1	0	1	0	1	1	0	1	0
3167	1	0	0	0	0	1	1	1	1	1	0	1	1	1	1	1	1	1	0	1	1	1	1	0	1	0	1	1	0	1	0
3185	1	0	1	1	0	1	1	0	0	1	0	0	1	0	1	0	0	0	1	0	0	0	0	0	0	0	0	0	0	0	0
3189	1	0	0	1	0	1	1	0	0	1	0	0	1	0	1	1	0	0	0	0	0	0	0	0	0	0	0	0	0	0	0
3201	0	0	0	1	0	1	1	0	0	0	0	0	1	0	1	0	0	1	0	0	0	0	1	0	0	0	0	0	0	0	0
3220	0	0	0	1	0	1	1	0	0	1	1	1	1	1	1	0	0	0	0	0	0	0	1	0	0	0	0	0	0	0	0
3384	1	0	0	1	0	1	1	1	0	1	0	1	1	1	1	0	0	0	0	0	0	1	0	0	0	0	0	0	0	1	0
3397	1	0	0	1	0	1	1	0	0	0	0	0	1	0	1	0	0	0	0	0	0	0	0	0	0	0	0	0	0	0	0
3399	1	0	0	1	0	1	1	0	0	0	0	1	1	0	1	0	0	0	0	0	0	0	1	0	0	0	0	0	0	0	0
3516	1	0	0	1	0	1	1	0	0	0	0	0	1	1	1	1	0	0	0	0	0	0	0	0	0	0	0	0	0	0	0
3541	1	0	0	1	0	1	1	0	0	0	0	0	1	0	1	0	0	0	0	0	0	0	0	0	0	0	0	0	0	0	0
5000	0	0	0	0	0	1	1	1	1	0	0	1	1	1	1	0	0	1	0	1	1	0	0	0	1	0	1	0	0	0	0
10000	1	0	0	1	1	1	1	0	0	0	0	0	1	0	1	0	0	1	0	0	0	0	0	0	0	0	0	0	0	0	0
10001	1	0	0	1	0	1	1	0	0	1	0	0	1	0	0	0	0	0	0	0	0	0	0	0	0	0	0	0	0	0	0
