ID	Lake	Date	Time	Latitude	Longitude	Fraksjon	diap.brac	limn.fron	sida.crys	holo.gibb	ceri.pulc	ceri.quad	daph.cris	daph.cucu	daph.gale	daph.lonr	daph.lons	scap.mucr	bosm.core	bosm.lonr	bosm.lons	alon.inte	alon.exci	alon.nana	alon.elon	chyd.pige	chyd.spha	pleu.trig	poly.pedi	byth.long	lept.kind	limn.macr	acan.dent	eudi.ilis	eudi.ides	arct.lati	mixo.laci	eury.lacu	hete.appe	hete.sali	macr.albi	eucy.serr	cycl.abys	cycl.boha	cycl.lacu	cycl.scut	cycl.vici	mega.giga	mega.viri	diac.bicu	meso.leuc	ther.cras	ther.oith
170	Gjersjøen	08.08.2011	14:00	59.78970	10.77485	0.02	1	750	0	0	0	0	0	0	0	0	800	0	1	0	1100	0	0	0	0	0	0	0	0	0	1	0	0	1750	0	0	0	0	250	0	0	0	0	0	0	1100	0	0	0	0	1	0	1100
180	Øgderen	29.07.2011	16:38	59.71388	11.41303	0.002	0	1	0	0	0	0	27500	2000	0	0	0	0	1500	0	2000	0	0	0	0	0	10500	0	0	0	1	1	0	13000	0	0	0	0	1	0	1	0	0	0	0	0	0	0	1	0	15500	0	20000
189	Krøderen	28.07.2011	16:20	60.13485	9.75860	0.02	0	0	1	50	0	1	5100	0	1300	0	0	0	0	1	1050	0	1	0	0	0	0	0	1	1	1	0	0	0	0	50	0	0	150	0	0	0	0	0	0	1050	0	0	0	0	50	0	0
191	Rødbyvatnet	09.08.2011	15:00	59.58175	10.48715	0.1	0	0	0	0	190	0	1	3250	0	0	0	0	100	0	140	0	0	0	0	0	0	0	0	0	0	0	0	110	0	0	0	0	1	0	1	0	0	0	0	0	0	0	0	0	10	0	10
194	Sperillen	28.07.2011	15:15	60.50398	10.05837		0	0	0	0	0	0	0	0	0	0	0	0	0	0	0	0	0	0	0	0	0	0	0	0	0	0	0	0	0	0	0	0	0	0	0	0	0	0	0	0	0	0	0	0	0	0	0
214	Gjesåssjøen	30.07.2011	11:26	60.68167	11.99235	0.01	100	300	0	0	0	0	1100	6300	0	0	0	0	0	1	0	0	0	0	0	0	1	0	0	0	1	0	0	2800	0	0	0	0	1	0	0	0	0	0	0	0	0	0	0	0	2400	0	900
233	Osensjøen	27.07.2011	16:50	61.17583	11.88767	0.01	0	0	0	100	0	0	800	0	500	0	1	0	0	0	2000	0	0	0	0	0	0	0	0	1	1	0	0	0	0	1	0	0	1	0	0	0	0	0	0	14600	0	0	0	0	0	0	0
236	Rokossjøen	30.07.2011	13:10	60.78693	11.44073	0.05	200	140	0	0	0	0	1260	0	0	0	0	0	0	0	320	0	0	1	0	0	0	0	0	0	1	0	0	560	0	0	0	0	1	0	0	0	0	0	0	240	0	0	0	0	400	0	560
242	Sør Mesna	28.07.2011	09:45	61.07640	10.80002	0.005	0	0	0	0	0	0	7400	0	0	0	0	0	0	5200	8000	0	0	0	0	0	0	0	0	0	1	0	0	1800	0	0	0	0	1	0	1	0	0	0	0	8200	0	0	0	0	0	0	0
252	Vermundsjøen	30.07.2011	15:32	60.69507	12.38702	0.01	300	200	0	0	0	0	8700	0	0	0	1	0	0	0	1300	0	0	0	0	0	0	0	0	0	1	0	0	5700	0	0	0	0	1	0	0	0	0	0	0	1600	0	0	0	0	1	0	600
258	Gjønvatnet	22.07.2011	10:50	60.26967	5.84095	0.005	0	0	0	600	0	0	0	0	5000	0	0	0	0	0	20200	0	0	0	0	0	0	0	200	1	0	0	0	0	4000	0	1	0	0	0	0	0	0	0	0	1800	0	0	0	0	0	0	0
261	Kalandsvatnet	22.07.2011	14:30	60.27088	5.40217	0.01	100	0	0	1	0	0	0	0	2800	0	0	0	0	0	11600	0	0	0	0	0	0	0	0	1	0	0	0	100	0	0	3600	0	0	600	0	0	0	0	0	7900	0	0	0	0	0	0	0
264	Myrkdalsvatnet	22.07.2011	13:00	60.81172	6.47093	0.01	0	0	0	100	0	500	0	0	0	0	1	300	0	0	9500	0	0	0	1	0	0	0	100	1	0	0	0	0	0	301	0	0	0	0	0	0	0	0	0	11600	0	0	0	0	0	0	0
277	Engsetdalsvatnet	20.07.2011	11:49	62.53333	6.63278	0.02	0	0	0	350	0	0	0	0	1200	0	0	0	0	0	3250	0	0	0	0	0	0	0	0	0	0	0	0	0	0	150	550	0	0	300	0	0	0	0	0	4700	0	0	0	0	0	0	0
285	Rotevatnet	23.07.2011	13:40	62.14053	6.11847	0.01	0	0	0	700	0	0	0	0	6400	0	0	0	0	0	300	0	0	0	0	0	0	0	0	0	0	0	0	0	0	1300	0	0	0	100	0	0	0	0	0	5000	0	0	0	0	0	0	0
288	Vatnevatnet	20.07.2011	16:56	62.15305	6.22862	0.02	0	0	0	0	0	0	0	0	5600	0	0	0	0	0	2800	0	0	0	0	0	0	0	1	50	0	0	0	0	0	0	0	0	0	0	0	0	0	0	0	2950	0	0	0	0	0	0	0
326	Einavatnet	10.08.2011	10:00	60.53813	10.65300	0.02	0	0	0	0	0	0	2100	0	2300	0	0	0	0	0	650	0	0	0	0	0	0	0	0	0	1	0	1	0	0	0	0	0	1	0	0	0	0	0	0	5050	0	0	0	0	0	0	1350
328	Randsfjorden	28.07.2011	11:55	60.72303	10.26765	0.01	0	0	0	1	0	0	17100	0	200	0	0	0	0	0	3000	0	0	0	0	0	0	0	1	1	1	1	0	800	0	0	0	0	200	0	0	0	0	0	0	500	0	0	0	0	1	0	1
339	Ringsjøen	28.07.2011	10:55	60.88240	10.35465	0.002	0	0	0	0	0	0	0	0	4500	0	30500	0	0	0	1000	0	0	0	0	0	0	0	0	1	0	0	0	18000	0	0	0	0	1	0	0	0	0	0	0	29000	0	1	1	0	0	0	0
340	Sæbufjorden	16.08.2011	12:40	61.01255	9.21507	0.05	0	0	0	1	0	0	0	0	0	0	240	0	0	0	460	0	0	0	0	0	0	0	0	0	20	0	180	0	0	0	0	0	20	1	0	0	0	0	0	3380	0	0	0	0	0	0	0
344	Strondafjorden	16.08.2011	14:15	60.97753	9.24863	0.1	0	0	0	0	0	0	0	0	1030	0	1	0	0	0	20	0	0	0	0	0	0	0	1	1	0	0	30	0	0	0	0	0	20	0	0	0	1	0	0	850	0	0	0	0	1	0	0
345	Trevatna	28.07.2011	14:05	60.63883	10.43533	0.01	0	0	0	1	0	0	1800	0	0	0	0	0	0	0	300	0	0	0	0	0	0	0	1	0	1	0	0	4700	0	0	0	0	1	0	0	0	0	0	0	4100	0	0	0	0	100	0	1400
349	Bogstadvannet	11.08.2011	10:25	59.97052	10.61845	0.02	0	50	0	1	0	1	1250	0	0	0	0	0	0	0	900	0	0	0	0	0	0	1	0	1	1	0	50	0	0	0	0	0	400	0	0	0	0	0	0	0	0	0	0	0	50	0	4250
353	Aspern	29.07.2011	11:53	59.14713	11.68437	0.01	200	1	0	1	0	0	5700	0	300	0	0	0	400	0	700	0	0	0	0	0	0	0	0	1	1	400	0	1120	0	0	0	0	1	0	0	0	0	0	1	0	0	0	0	0	3000	0	5100
361	Rødenessjøen	29.07.2011	14:20	59.53198	11.62597	0.01	3300	1	0	0	0	0	600	0	2800	0	0	0	1600	0	4300	0	0	0	0	0	1	0	0	0	1	600	0	1800	0	0	0	0	1	0	0	0	0	0	1	0	0	0	0	0	2100	0	2300
363	Rømsjøen	29.07.2011	15:32	59.70107	11.84380	0.02	1	1	0	1	0	0	450	0	0	0	0	0	0	0	2000	0	0	0	0	0	0	0	0	1	1	0	0	350	0	0	0	0	0	0	0	0	0	0	0	1	0	0	0	0	800	0	4550
374	Edlandsvatnet	21.07.2011	11:08	58.76263	5.87050	0.1	140	0	0	20	0	0	0	0	710	0	0	0	500	0	60	0	0	0	0	1	0	0	0	10	1	0	0	1270	0	0	0	0	0	0	0	0	1	0	0	0	0	0	0	0	0	0	0
378	Hetlandsvatn	21.07.2011	15:23	59.17518	6.10917	0.05	40	0	0	0	0	0	0	0	1260	0	0	0	0	0	1	0	0	0	0	0	0	0	1	100	0	0	0	0	0	0	680	0	0	0	0	0	0	0	0	2960	0	0	0	0	0	0	0
380	Lutsivatn	21.07.2011	12:45	58.86005	5.84783	0.01	100	0	0	0	0	0	0	0	500	0	0	0	0	0	600	0	0	0	0	0	0	0	0	1	1	0	0	15000	0	0	0	0	0	1	0	0	600	0	0	0	0	0	0	0	1	0	0
394	Vatsvatnet	21.07.2011	17:18	59.52667	5.70417	0.01	0	0	0	100	0	0	0	0	1	0	0	0	0	0	18700	0	0	0	0	0	0	0	0	1	0	0	0	1000	0	0	0	0	0	300	0	0	0	0	0	1600	0	0	0	0	100	0	0
395	Vostervatnet	21.07.2011	14:02	59.09575	5.97535	0.01	0	0	0	0	0	0	0	0	6000	0	0	0	0	0	1	0	0	0	0	0	0	0	0	1	1	0	0	11100	0	0	1200	0	0	0	0	0	0	0	0	5800	0	0	0	0	0	0	0
404	Jølstravatnet	23.07.2011	16:45	61.55793	6.40045	0.02	0	0	0	50	0	0	0	0	4000	0	0	0	0	0	150	0	0	0	0	0	0	0	1	1	0	0	0	0	0	0	0	0	0	0	0	0	0	0	0	6600	0	0	0	0	0	0	0
405	Oppstrynvatnet	23.07.2011	11:55	61.91457	7.07673	0.01	0	0	0	1	0	0	0	0	0	0	0	0	0	0	200	0	0	0	0	0	0	0	0	1	0	0	0	0	0	7600	0	0	0	0	0	0	0	0	0	12700	0	0	0	0	0	0	0
433	Bandak	27.07.2011	09:52	59.40163	8.23000	0.05	0	0	0	40	0	0	0	0	0	0	1	0	0	0	140	0	0	0	0	0	0	0	1	1	0	0	60	0	0	0	100	0	0	80	0	0	0	0	0	4280	0	0	0	0	0	0	0
436	Grungevatnet	27.07.2011	12:49	59.70705	7.75917	0.05	0	0	0	1	0	0	0	0	0	0	1	0	0	0	2140	0	0	0	0	0	0	0	0	0	0	0	0	1	0	0	0	0	0	1	0	0	0	0	0	1740	0	0	0	0	0	0	0
453	Vinjevatn	27.07.2011	11:30	59.61230	7.85217	0.05	0	0	0	520	0	0	0	0	0	0	40	0	0	0	220	0	0	0	0	0	0	0	0	20	0	0	0	0	0	0	680	0	0	60	0	0	0	0	0	1300	0	0	0	0	0	0	0
481	Åsrumvatnet	26.07.2011	12:30	59.16333	10.05777	0.1	150	0	0	0	0	0	120	0	0	0	1290	0	760	0	110	0	0	0	0	0	0	0	0	0	10	0	0	240	0	0	0	0	60	0	0	0	170	0	0	0	0	0	30	0	0	0	320
482	Bergsvannet	09.08.2011	14:00	59.58840	10.05265	0.01	700	1	0	0	0	100	100	11800	0	0	1	0	0	1	1	0	0	0	0	0	0	0	0	0	1	0	0	700	0	0	0	0	1	0	0	0	0	0	0	0	1	0	0	1	1300	0	5200
486	Goksjø	26.07.2011	14:05	59.17250	10.16500	0.02	1	0	0	0	0	1	300	0	0	0	3200	0	1000	50	0	0	0	0	0	0	0	0	0	0	1	0	0	500	0	0	0	0	750	0	0	0	1	0	0	0	0	1	0	0	800	0	2700
487	Hallevatnet	26.07.2011	10:47	59.02527	9.90917	0.02	550	0	0	400	0	0	100	0	0	0	800	0	0	0	150	0	0	0	0	0	0	0	150	50	0	0	0	1750	0	0	0	0	0	0	0	0	0	0	0	4900	0	0	0	0	400	0	500
498	Dagarn	05.08.2011	19:30	59.90368	15.70288	0.02	200	100	0	0	0	0	850	0	1	0	0	0	1	0	1200	0	0	0	0	0	1	0	0	1	1	0	0	1000	0	0	0	0	50	0	0	0	0	0	0	0	0	0	0	0	200	0	4100
519	Largen	02.08.2011	13:05	59.59112	18.52145	0.01	200	200	0	1	0	0	0	0	1400	0	0	0	1	0	0	0	0	0	0	0	0	0	1	1	1	0	0	1700	0	0	0	0	0	0	0	0	0	300	0	0	0	0	0	11	0	0	14100
2252	Rotnessjøen	30.07.2011	09:59	60.49690	12.34120	0.02	0	0	0	50	0	0	550	0	1	1500	0	0	0	0	400	0	0	0	0	0	0	0	0	0	1	0	0	0	1150	0	0	0	300	0	0	0	0	0	0	1700	0	0	0	0	0	0	2780
2268	Mylla	10.08.2011	12:15	60.24425	10.59108	0.05	1140	0	0	140	1	0	220	0	0	0	60	0	0	0	200	0	0	0	1	0	0	0	0	1	0	0	620	0	0	0	0	0	120	0	0	0	0	0	0	740	0	0	0	0	100	0	0
2312	Femsjøen	29.07.2011	10:55	59.13317	11.47070	0.01	200	0	0	1	0	0	4100	0	1900	0	0	0	100	0	900	0	0	0	0	0	1	0	0	1	100	1	0	1800	0	0	0	1	1	0	0	0	0	0	0	0	0	0	0	0	3600	0	5100
2374	Klämmingen	02.08.2011	11:33	59.09200	17.29833	0.01	1700	400	0	1	0	0	600	3700	0	0	0	0	2200	1	200	0	0	0	0	0	1100	0	1	1	100	200	0	1200	400	0	0	0	0	0	0	0	0	0	0	0	0	0	0	0	800	0	7800
2678	Torrsjøn	29.07.2011	09:33	58.97833	12.11388	0.02	200	50	0	1	0	0	1250	0	1	0	0	0	150	0	700	0	0	0	0	0	0	0	0	0	1	250	0	19150	0	0	0	0	1	0	0	0	0	0	150	0	0	0	0	0	1	0	5300
2870	Visten	03.08.2011	11:05	59.62987	13.39677	0.01	0	1000	0	0	0	0	1200	0	400	0	0	0	1	0	100	0	0	0	0	0	1	0	1	100	1	1	0	5800	0	0	0	0	1	0	0	0	0	0	0	0	0	0	0	0	900	0	12100
2872	Stora Le	29.07.2011	13:00	59.32215	11.79408	0.02	250	1	0	150	0	0	1750	0	0	0	0	0	100	2000	0	0	0	0	0	0	0	0	0	0	1	1	0	450	0	0	0	1	1	0	0	0	0	0	1	0	0	0	0	0	50	0	4650
2875	Näsrämmen	03.08.2011	14:40	60.03387	14.13738	0.02	800	1	0	0	100	0	2750	0	0	0	0	0	1	0	600	0	0	0	0	0	0	0	0	0	1	0	0	100	0	0	0	0	0	0	0	0	0	0	0	0	0	0	0	0	300	0	7450
2878	Rangsjön	31.07.2011	09:56	60.82357	12.50752	0.02	1	0	0	1	0	0	5800	0	1	0	0	0	0	0	1600	0	0	0	0	0	0	0	0	1	0	0	0	0	0	0	0	0	250	0	0	0	0	0	0	200	0	0	0	0	50	0	0
2887	Tisjön	31.07.2011	10:59	60.91878	12.96573	0.01	0	0	1	1	0	0	7100	0	0	0	0	0	0	0	2300	0	0	0	0	0	0	0	0	0	100	0	0	0	5600	0	0	0	100	0	0	0	0	0	0	1400	0	0	0	0	1700	0	0
2888	Halsjøen	30.07.2011	17:23	60.86397	12.31110	0.01	0	1	0	0	0	0	12400	0	0	0	0	0	0	0	7500	0	0	0	0	0	0	0	0	0	1	0	0	200	0	0	0	0	200	0	0	0	0	0	0	2900	0	0	0	0	0	0	0
2899	Jangen	03.08.2011	12:25	60.14628	13.27153	0.02	1	50	0	0	50	850	1200	0	0	0	0	0	0	300	5250	0	0	0	0	0	950	0	0	0	1	0	0	550	0	0	0	0	0	0	0	0	0	0	0	0	0	0	0	0	200	0	1200
3017	Sör-älgen	04.08.2011	09:45	59.72432	14.60650	0.02	300	50	0	300	0	0	400	0	0	0	0	0	0	0	1250	0	0	0	0	0	0	0	50	1	1	0	0	400	0	0	0	250	100	0	0	0	0	0	0	300	0	0	0	0	450	0	5150
3019	Möckeln	03.08.2011	09:48	59.30387	14.53832	0.02	50	1	0	1	0	0	2350	0	0	0	0	0	1	0	0	0	0	0	0	0	1	0	0	0	0	0	0	1400	0	0	0	0	1	0	0	0	0	0	0	0	0	0	0	0	300	150	9900
3020	Ljusnaren	05.08.2011	17:45	59.87920	14.93423	0.02	50	1	0	400	0	0	300	0	0	0	0	0	0	0	1650	0	0	0	0	0	0	0	0	0	1	200	0	800	0	0	0	0	250	0	0	0	0	0	0	0	0	0	0	0	100	0	700
3025	Halvarsnoren	04.08.2011	10:53	59.63177	14.59643	0.01	400	1	0	100	0	0	300	0	0	0	0	0	0	0	1400	0	0	0	0	0	0	0	1	1	0	0	0	1	200	0	0	1	300	0	0	0	0	0	0	500	0	0	0	0	1	0	12100
3027	Nätsjön	03.08.2011	15:40	59.89130	14.48088	0.02	200	50	0	50	0	0	6400	0	0	0	0	0	0	0	600	0	0	0	0	0	0	0	0	1	1	0	0	250	0	0	0	50	1	0	0	0	0	0	0	850	0	0	0	0	150	0	2100
3029	Örlingen	04.08.2011	12:50	59.87902	14.41998	0.02	1	0	0	150	100	100	2350	0	0	0	1	0	1	500	1800	0	0	0	0	0	0	0	1	0	1	0	0	250	0	0	0	0	0	0	0	0	0	0	0	0	0	0	0	0	200	0	3000
3031	Saxen	04.08.2011	11:50	59.77375	14.40965	0.1	0	30	0	0	0	0	20	0	0	0	0	0	0	0	520	0	0	0	0	0	0	0	1	10	10	0	0	40	0	0	0	0	10	0	0	0	0	0	0	1	0	0	0	0	10	0	3310
3106	Långbjörken	02.08.2011	15:55	59.76797	15.95213	0.01	1100	1	0	0	100	0	4100	1400	0	0	0	0	200	0	1	0	0	0	0	0	1700	0	0	0	1	0	0	500	0	0	0	0	0	0	0	0	0	0	0	0	0	0	0	0	3100	0	4100
3160	Skattungen	31.07.2011	15:39	61.19408	14.94515	0.05	0	0	0	20	0	0	120	0	0	0	0	0	1	80	60	0	0	0	0	0	0	0	0	0	0	0	0	30	0	0	0	0	1	0	0	0	0	0	0	20	0	0	0	0	40	0	3400
3165	Bäsingen	02.08.2011	17:15	60.16062	16.38945	0.2	95	0	0	0	45	0	55	0	0	0	0	0	30	0	290	0	0	0	0	0	20	0	0	0	55	0	0	35	0	0	0	0	0	0	0	0	0	0	0	0	0	0	0	0	15	0	730
3167	Tisken	01.08.2011	17:05	60.53093	15.67272	0.01	2400	100	0	100	0	0	1100	0	0	0	0	0	300	0	1100	0	0	0	0	0	200	0	0	1	1	0	0	3100	0	0	0	0	1	0	0	0	0	0	0	0	0	0	0	0	1800	0	7400
3185	Stora Almsjön	31.07.2011	11:58	60.87842	13.20813	0.02	0	0	0	1	0	0	750	0	0	350	640	0	0	0	0	0	0	0	0	0	0	0	0	0	0	0	0	0	800	0	0	0	1	0	0	0	0	0	0	250	0	0	0	0	0	0	4050
3189	Dragsjön	31.07.2011	13:27	60.99265	13.59872	0.05	0	80	0	180	0	0	1260	0	0	0	0	0	0	20	220	1	0	0	0	0	0	0	40	1	1	0	0	680	0	0	0	0	20	0	0	0	0	0	0	0	0	0	0	0	40	0	1920
3201	Milsjön	03.08.2011	13:40	60.19463	14.00855	0.02	0	0	1	250	0	0	2450	0	0	0	0	0	0	200	950	0	0	0	0	0	0	0	1	0	50	0	0	1000	0	0	0	0	100	0	0	0	0	0	0	350	0	0	0	0	1	0	1700
3220	Stora Korslängen	05.08.2011	18:40	59.98293	15.23042	0.02	400	150	0	100	0	0	750	0	0	0	0	0	0	0	1450	0	0	0	0	0	0	0	0	1	1	50	0	100	1	0	0	1	50	0	0	0	0	0	0	1	0	0	0	0	1	1	4750
3384	Hinsen	01.08.2011	16:10	60.68212	16.07428	0.01	0	1100	0	1100	0	0	3300	0	2100	0	0	0	0	0	2500	0	0	0	0	0	0	0	1	1	1	0	0	1700	0	0	0	0	1	0	0	0	0	0	0	0	0	0	0	1	700	0	6700
3397	Storsjön	01.08.2011	13:37	61.65385	15.75923	0.02	0	0	0	1	0	0	150	0	0	0	0	0	0	7400	450	0	0	0	0	0	0	0	0	0	1	0	0	300	0	0	0	0	0	0	0	0	0	0	0	0	0	0	0	0	1	0	400
3399	Grycken	31.07.2011	16:55	61.57602	15.42448	0.02	400	0	0	1	50	0	4850	0	0	0	0	0	0	0	2100	0	0	0	0	0	0	0	1	0	1	0	0	550	0	0	0	0	1	0	0	0	0	0	0	350	0	0	0	0	400	0	1300
3516	Holmsjön	01.08.2011	11:51	62.41027	15.31322	0.02	300	150	0	1	0	0	4350	0	0	0	0	0	0	0	2800	0	0	0	0	0	0	0	50	1	1	0	0	1050	0	0	0	0	1	0	0	0	0	0	0	1	0	0	0	0	100	0	1200
3541	Stornaggen	01.08.2011	10:44	62.26660	15.97102	0.01	2300	1	0	1	0	0	1900	0	0	0	0	0	0	0	1200	0	0	0	0	0	0	0	0	1	1	0	0	7300	0	0	0	0	100	0	0	1	0	0	0	1300	0	0	0	0	600	0	7700
5000	Forsjösjön	02.08.2011	10:00	58.95350	16.26353	0.002	3000	500	0	0	0	1000	1	23000	1	0	0	0	9500	500	1	0	0	0	0	0	5000	0	1	1	1	0	0	1500	4500	0	0	0	0	0	0	0	0	0	0	0	0	0	0	1	8000	14500	24500
10000	Hurdalsjøen	12.08.2011	11:05	60.37648	11.04077	0.02	0	1	0	250	0	0	600	0	0	0	0	0	0	0	1200	0	0	0	0	0	0	0	1	1	50	100	0	300	0	0	0	0	100	0	0	0	1	0	0	1	0	0	0	0	50	0	4100
10001	Harestuvatnet	12.08.2011	13:10	60.19323	10.71212	0.05	40	0	0	1220	0	0	340	0	0	0	0	0	0	0	820	0	0	0	0	0	0	0	0	0	0	0	60	0	0	0	0	0	180	0	0	0	0	0	0	0	0	1	0	0	280	0	920
